1332370853242302464
1326178944077492227
1325774333504073728
1327983297549438976
1325699765930254336
1325940903563964416
1325897334018859008
1329084876570521600
1325869389518921728
1325878740598083585
1325979285937532928
1325697646909132800
1328846029081481217
1329059141189419008
1325863291298734080
1325782991113777155
1326764180955930624
1326202940886048770
1325884864374059009
1325798847340113921
1326140795255103488
1325720167867965440
1334464827666870272
1325919313300127750
1329677231128457216
1325816245783044096
1335025765528702976
1325863550821130241
1326820897949413376
1333785957527482368
1325803573490409474
1326106718519128064
1326056909888249857
1329054427685249027
1329215336344809472
1329048936309395458
1326130735154044933
1329207129752866819
1325819898421862400
1326042563116085248
1334313027513028611
1334468009956691968
1325795777441132544
1325923306676101127
1326137706003501057
1326174248583507968
1325895792054427648
1336077180095377408
1326211412566355973
1332442660540350464
1325809259184054275
1325690517724782593
1334598251253813249
1326103263779971072
1325868962131955713
1325786301472280576
1326041513252409344
1325857058554597377
1325846283949535235
1332776067837386752
1329051184896806919
1325995603298578440
1326094031978422272
1331281532456210433
1325781714938044421
1325887498254422016
1329074574219067401
1325682517148569600
1326215130544295939
1325887886953209856
1325892752467488770
1325836809859862535
1325867175400321025
1325770986571096064
1329104213176164353
1326194656342847488
1333023729908113408
1325858822087434243
1334612064346763264
1325782126365708300
1326167342338945024
1325813439567159297
1325775621428043776
1329059303655960576
1325680265084219393
1329092066148638729
1325804703834382337
1325827860997804032
1335789264605507586
1325768441370800128
1329092054836678656
1325770677580918785
1325795522502946817
1325684180483600384
1326227476654284800
1326017679191384065
1325997637640876032
1325689685943996416
1325796807738318850
1326131087081312259
