1332370853242302464
1326178944077492227
1325774333504073728
1327983297549438976
1325699765930254336
1325940903563964416
1325897334018859008
1329084876570521600
1325869389518921728
1325878740598083585
1325979285937532928
1325697646909132800
1328846029081481217
1329059141189419008
1325863291298734080
1325782991113777155
1326764180955930624
1326202940886048770
1325884864374059009
1325798847340113921
1326140795255103488
1325720167867965440
1334464827666870272
1325919313300127750
1329677231128457216
1325816245783044096
1335025765528702976
1325863550821130241
1326820897949413376
1333785957527482368
1325803573490409474
1326106718519128064
1326056909888249857
1329054427685249027
1329215336344809472
1329048936309395458
1326130735154044933
1329207129752866819
1325819898421862400
1326042563116085248
1334313027513028611
1334468009956691968
1325795777441132544
1325923306676101127
1326137706003501057
1326174248583507968
1325895792054427648
1336077180095377408
1326211412566355973
1332442660540350464
1325809259184054275
1325690517724782593
1334598251253813249
1326103263779971072
1325868962131955713
1325786301472280576
1326041513252409344
1325857058554597377
1325846283949535235
1332776067837386752
1329051184896806919
1325995603298578440
1326094031978422272
1331281532456210433
1325781714938044421
1325887498254422016
1329074574219067401
1325682517148569600
1326215130544295939
1325887886953209856
1325892752467488770
1325836809859862535
1325867175400321025
1325770986571096064
1329104213176164353
1326194656342847488
1333023729908113408
1325858822087434243
1334612064346763264
1325782126365708300
1326167342338945024
1325813439567159297
1325775621428043776
1329059303655960576
1325680265084219393
1329092066148638729
1325804703834382337
1325827860997804032
1335789264605507586
1325768441370800128
1329092054836678656
1325770677580918785
1325795522502946817
1325684180483600384
1326227476654284800
1326017679191384065
1325997637640876032
1325689685943996416
1325796807738318850
1326131087081312259
1328315160302411784
1326000723973300231
1326058668995964928
1334623342700228617
1326196064249143300
1329220840844562432
1336369199019663360
1329055536818556935
1329041141556277251
1336514498706849794
1325770250042880000
1325770592235163649
1326139615514910720
1325670829984673793
1325816256805658624
1335592757981802496
1326222540616966145
1329830458033659908
1325800822475796481
1325771075737821184
1327109160144687106
1335326164710268932
1326152947965833216
1325836686018842634
1325689308318035969
1325684545245614081
1325792636205223941
1326125373814419456
1325665123436879874
1326115831890268160
1329067437032165376
1325933326239199244
1329569577156677632
1336104982081376258
1325818247686606849
1326142571068993537
1330773524810756097
1326095603496083456
1325994488859258882
1326130682721161216
1325866715281055746
1325868845119098880
1329206530311409665
1329359484758622209
1327040736894865409
1325976496192761856
1325770359090647040
1326744354099171328
1325883020759461889
1325830360635207681
1325866894503579649
1326149946467364865
1325898272586821632
1326237127617732609
1333810588967981062
1328673001727021056
1326186592847982593
1325671963537285120
1326136786779824129
1326078407491252225
1329072847340224515
1325775823551557633
1326147237425143808
1331593563365199873
1325685849795645440
1325865973891670018
1326032144800641025
1325770428737052673
1325770726255845376
1329224351879733249
1325816836286377984
1325889196662251520
1326196812047405058
1325837955706052608
1331602758227660801
1333754296765181954
1326148810649837569
1325807247553859587
1325889347195969536
1325882363604295681
1325971976922521600
1325785636817788928
1326198132384915459
1325822304815894531
1326212123266076674
1325897141697585152
1329834658729779205
1325667244660068353
1325770922838663168
1325866005688672256
1326078695887527938
1325900988025278465
1325715939925569537
1325992471688409088
1332447118338867201
1325691984217059329
1325872726599364609
1325788328076128259
1325740230083809284
1326079881516617729
1325675736892665856
1326080892146692097
1329083355732721664
1329213252648112128
1325770358297948160
1325668527559172096
1325869019140907010
1330671289363820546
1326124571578281985
1325782226403995650
1325770995442049025
1329963722769625088
1325885936450801664
1331715544119209985
1325880742883319808
1326034503702249473
1325774757023846404
1325860441621454848
1326124466594861057
1325746922439667713
1333841685378342912
1328083859318206465
1325805388067983360
1329095788379705345
1325957164616265728
1329113133361795073
1325794903331319808
1325900858643664897
1325711561365794816
1325817273358057473
1325668179591323648
1325862986792230912
1325887410949943296
1325770275716128768
1326041229214289922
1335597948797849600
1329054495049871362
1330302302251520000
1325828995116511232
1325807730494500864
1326168166695890944
1326129021369937926
1329081418534641665
1336386285569794050
1326238234326822912
1325784880702173184
1327341889293488128
1334722721742159876
1331401364539203585
1326173189978918913
1325709961096204293
1325786831477149696
1325784282795823104
1325775170041245696
1334113717810761732
1336297223643156480
1329131914792366080
1336217112000475136
1334524947809579009
1325670916005658624
1325904123775037440
1325864980160327682
1325771772554342401
1327019881003364352
1325896578310270980
1325919576786399234
1325704664621387777
1326157194585366529
1330986640358117377
1334902693874323457
1329081543566913536
1326251838526513152
1327454434696306690
1336113459180744705
1325822423325929474
1329048961601183747
1325941998726090752
1325881116260241408
1336098521800294402
1329092114945171465
1329088510335229952
1326143148125515777
1325933214649577472
1326234739053895683
1326003981789745152
1325922122091343872
1325820862185009152
1327729822416707584
1325894220314537987
1329811665039335424
1325678635139919873
1325706113891790848
1325815074989158400
1326142137919008769
1325813219064221697
1325863520823603207
1334354190227939331
1325917331462221825
1325784566083301376
1325770331441819649
1325665843703738369
1334248354855804928
1330941385042747397
1329053745481740289
1326238765027905543
1329207557441941510
1325972522857353217
1325883971922767874
1329600066269683713
1325770463323299841
1326144509177159681
1325776259452952576
1325721707441651713
1326657580152786945
1325866239042859014
1325671656883277824
1336317760628875264
1326415612269092864
1325888380853317632
1325779313745162240
1325688169891848194
1325857395420000256
1325667050057052160
1325810663076339714
1329078696020381696
1326125331275771904
1325802602974617600
1325862690020077575
1334035493324009475
1325792335029035009
1334044003843510274
1325911177608781830
1325990542161833985
1330983564750557188
1325864784026275851
1325729217737347075
1325770292199907330
1325818640613117952
1326195191640956928
1325768245996089344
1325811855663640577
1325772787978559490
1326057280597536768
1325835464666877953
1326047196794466304
1329771561671417856
1325844303822794752
1325891821214511104
1326088526283333635
1325795647228764162
1325862928877297665
1325865288945049600
1329599377745342466
1328390766100615175
1328753685644636161
1326055380644990977
1325779329071144963
1329095796659265538
1325805031996747778
1329809081222139905
1325771911259971584
1325789776704909315
1325880107593068546
1325864160677261312
1326206219510493184
1325903356108431360
1332910623018024962
1325780904657121281
1325817429902188547
1325770240526065664
1325843849206435841
1332278006056767489
1326090604074430464
1332696642575683584
1325807709430673408
1328445392523046913
1326124339805163521
1328368875486945282
1334171275871232004
1336029988194197505
1325849813297016833
1325782696853966849
1326168025075232771
1328426467366113280
1325777929708720129
1326147557580558339
1325915207995183105
1329055522268573699
1325862742264336385
1325779295948693504
1326156569835343872
1325792651002736640
1328709203230330880
1326081582504013825
1328510912051994625
1328362039564230656
1334311303045730304
1328376833859993603
1326454367734652928
1333679065082048513
1326023708977192960
1325957222669705216
1336310200144457728
1325861355505606656
1329081981020241925
1326079975804563456
1328077794358784000
1325874424378257414
1325694177951166465
1325947737184067585
1334139994223599619
1325866992184733700
1327661989817180160
1326156962179010560
1325886206262059008
1333078161442017280
1325788384686731264
1330888924256845826
1325860793783554053
1333785456182345740
1326134469825355782
1325864956869402630
1325951667657912327
1326157840520777729
1326634735980978178
1325770969470947329
1325792316716625920
1329071324212432896
1329213223690674176
1326247991032893440
1325862552002293766
1331561275286048773
1325863934495219718
1329055740334522368
1326051655171919874
1326188655715741696
1326195401930792963
1325770140118642689
1325770219986542593
1329251715195912192
1329061499722055680
1334255111217033222
1334065144947732481
1325984882317733892
1325864779609743362
1325877862495375360
1328048882543161346
1329097920227008515
1325770406746271745
1325816057555279874
1325862264927219713
1325805873340567560
1325871438268690432
1329770026451173376
1334547196629426177
1334888142739042305
1325671961985380353
1334700653352906755
1325906769126825985
1329053734010310656
1325952405922570241
1325777912201682945
1326201798860926982
1325889147337383936
1326070935548547074
1325770456700497926
1325784117045309442
1325705412876890112
1326090567554625539
1325770296394215424
1325892045282664450
1328691847296913408
1333065313341018113
1329132050008346624
1325861716178178049
1327248112541458433
1326191117499555840
1325770509217361922
1326148004336824321
1325770478636703744
1325770797408002050
1325886648459145223
1325770840143659008
1325800777651261444
1333057259178344449
1325691417763606530
1325927702424117249
1326136291965153282
1326100573507235840
1325677934724616192
1325938732709474304
1325778424363888640
1329054422643642369
1325868108230262784
1325847873511108608
1325775816920363008
1325770997497290752
1329131901701992450
1327692817163034625
1325781134605684743
1325898179947229185
1325863565161455616
1329152717021876224
1325827411611701248
1325694613366034432
1325981757817151488
1329066049514442754
1325887121639563270
1335166818118488071
1325789053892124673
1333478825934536706
1334063748634570754
1334330494092259330
1326096750604656641
1325770582852558849
1325805498344611840
1325806979432976385
1328644856802054145
1325697146834870272
1326058945270611969
1334789223954718720
1325866852887695363
1325923357808881665
1326077441710804993
1325985742569476098
1325982034586554368
1325840256311111683
1325770796883714049
1325806514632847360
1326149431905972224
1326233070727524364
1332386700283191302
1334519204708540425
1325681720947978240
1325698740582223875
1325889379613675522
1325778463110868994
1325683305686200320
1325770346868338688
1325886012732608520
1326014717811286017
1326148930321719297
1326241508564066305
1325770132275261442
1335955221470732291
1333792125700382721
1325804322941100032
1325837109438128130
1325671980360724480
1329063222360633349
1325669230281326592
1325770311875301377
1326007681325424641
1325801482063663104
1325679742939508737
1325950705685979136
1326169682630598656
1325673192200019969
1325870206237995009
1326817064607117312
1327373263253757958
1325801253495037952
1325794870921981952
1326260888354103298
1326205882816978950
1325770169717764096
1325886251782856704
1325803108883193856
1326115991160459265
1329033331128766464
1333147480293322752
1326184685794418693
1325894786809819143
1331341189279338497
1325685309984534528
1326080168788627457
1325914405712789509
1328413013674778626
1325866463333249025
1334375153673900032
1325852500054904834
1325666707587919872
1325883281389350912
1327041306770763777
1325788263051878402
1325770183990972416
1328457046438649856
1325895352168435719
1326170425186013185
1326405757831622662
1330911501566291968
1326198142837137411
1332698843469795330
1325852039922978822
1329132135983288322
1328333416077488130
1325868729536712704
1325798837072457731
1333783529226813440
1326007663830949888
1332586404702867456
1325671957132578821
1327273328986492930
1325783591742283788
1325772268140519425
1333660473510699009
1336218017013829635
1325670033243037696
1325903676523900928
1326129821638914048
1326202772329439232
1325825401126608896
1334970267458789378
1326163628656107522
1334954615532470273
1325829889111576576
1325770516540559361
1331673477779230720
1334186180804546568
1334318453822377984
1331668287592206336
1328329002264702978
1329059930876342272
1334531658926743552
1325881783846625282
1326136889846345728
1325770951468978176
1325883076338200577
1327681730648674306
1325816959284469760
1332072430886551552
1326253861015838722
1326154574676324359
1329368018883915777
1325770647604228096
1325850899848208384
1326014262465196032
1326206261541576704
1325911151960612869
1325717581894967297
1326222615799853060
1325718078227951617
1325866975386624000
1325864778477285382
1326151338212855808
1329042766337363970
1335572343150809093
1326190228428754944
1326140347743924225
1336136808330096641
1328387439443013638
1325682034124218368
1325843871717273600
1330816957155831808
1329095849897566208
1331607057049509888
1325804892326420481
1325771092569559042
1325666478742441984
1329032166727102465
1325864341229494272
1329083346614304768
1325818748700332033
1329988151973191689
1336232926288236544
1326227361344360448
1325829737021927426
1333230855150563328
1326162447498153986
1326237172878413827
1326104334019551235
1325770180690137090
1325864332601724929
1325786815253639168
1333574583946014721
1327237180440326146
1326162490514927616
1325770317739020288
1325870162357211137
1326261896572506114
1332698032530358275
1329071267111002113
1325676230654504988
1325866206314848258
1326088767413886979
1326987033479434240
1326038348197203968
1325964439489744896
1326175478143651841
1330985945458487300
1325823788815159296
1326041899644284928
1325939668505006085
1326140489595281409
1325903586195349506
1325873753373483011
1326143098305523719
1325794335095451648
1336372230511587329
1325806524577484801
1334455226145722371
1325770187874824192
1325942298392358913
1336058756677832704
1325884552011636736
1326111579826499585
1326244182072188935
1326211467981410305
1325770121344905228
1325700953287389186
1336282692862824451
1331955950757023747
1325695267383881728
1326003987691266048
1325938611137568769
1325788452076589057
1332780068700119046
1325852891958177792
1325879280996388864
1325685441618534400
1328092825720815616
1325888397014048768
1326228081548419073
1326211489968033792
1326130899453407233
1325778766174572544
1332597142700122112
1326055649764143106
1332703989452910597
1329213144963510273
1326109491755151360
1325904955417505793
1326211742540705793
1327977397652656129
1331195252061954049
1334525185014161408
1326213374418542593
1326252115099082753
1326233489700769794
1334847647925088257
1325781920635105280
1326065514679037952
1336335020680564740
1334602189633966080
1325770816051687425
1325770194816536578
1331084554887696390
1325908814462382088
1326216264512131085
1325792648020561922
1325770406184280069
1327447319135088640
1325687638699991044
1325926567386767361
1325770438866325504
1329038784630059013
1325671903302987776
1325846308893069312
1325861847430553600
1328361716464447490
1325806222281371649
1325770286793428993
1330534822645813250
1325905941682769920
1331012395783901188
1326130876997013505
1330788228123807744
1325767699323121664
1334669807384489985
1325863044405190656
1325788999647068160
1336009015344631808
1330926694308458498
1326085939941224449
1325767725864660992
1325841220749324290
1325771805840330752
1325770320779751424
1330912677233717248
1325698713038303232
1325688319972241408
1334401826309853184
1325862714053423107
1325797019399692290
1325850034685042689
1328714512665460737
1325781860647985152
1328942976186413058
1325776061993508864
1325770398269648896
1334190040189198348
1326150499222122497
1326024375359791104
1326250908171313152
1325849244943732737
1325778814178353156
1325829660735889410
1326661747923689479
1336514006195048450
1334960530163830785
1326090604607135746
1325825244804820993
1326631633697562625
1325889161254084608
1334527911366455302
1325902161583149068
1325855707174940677
1329482084943970307
1336290573217566722
1325849196856020993
1330093701071302658
1325822030634049536
1329079183855611907
1325703503118032896
1325877822842306562
1326130814724141058
1336179892233396226
1334912613512261635
1333775137594806277
1325954609945391104
1330831663312486402
1325665545572790274
1325770424651833344
1325817701223239681
1326211470024204290
1325776373991018497
1325862811742900227
1325687022678278149
1325901045944422405
1325898749391097858
1325859756917972993
1326059900460523520
1329780414534324226
1329738356591267840
1332514549560471553
1329213260806045697
1327738607721824256
1325818275482263559
1325919813269553152
1328343208598908932
1326147603617222656
1334160318126198784
1326170149137813504
1328579139348127750
1325904420673101827
1325922057700462594
1325987357162672128
1325814176686645248
1325901973590249480
1325799883861848065
1334508900293480451
1326157247555100672
1325821356575961090
1325883637238276096
1334632881826779137
1328173867890860032
1335330571333976064
1326211459924242445
1325810657749446657
1328741320106471426
1325879754466189318
1334160426968502275
1329849756546424834
1325806505774505984
1336193532973862921
1332233133140238336
1334173038091194369
1329967713859624960
1330831649697718272
1325892052907909120
1326028535404785664
1326164587624980480
1331711511644037120
1334504146158936065
1331577755331334144
1325895875772571648
1325768638834552832
1326179684825042950
1325711260760088577
1329207564114956291
1336496897574506497
1325866261176344576
1325922127237746688
1329237450384756736
1326090625213734912
1325812831611183105
1326154145934569479
1326172435721441287
1326149751910313991
1336302472692895744
1325770354187497472
1325869326100934656
1325798458889039873
1325893924750155777
1325696797117911040
1329132022720237579
1335498954776190976
1332881655896354816
1334552984253063169
1325690252745388034
1334075173343956994
1329059146960936962
1326202473527320580
1326858163656642561
1325691035519909891
1325779532255784961
1329982989846147076
1325862501439954944
1325771017848037378
1325938735561793542
1326228238360748032
1325867339150028803
1326051411726131200
1329055323286626304
1328747467735707650
1326093524794822656
1328435867266867200
1327483871382933504
1325816970969755648
1329083228745990154
1326221076393816064
1335192599892783112
1325824134711013377
1329462696287367174
1326231964551147521
1326064371362013189
1336082920721711106
1334469605646082048
1325805392102895616
1325861344705355776
1325906851930759168
1329484755604267011
1325810431001202690
1325677181758918661
1329206272747573250
1325819399157248001
1325676206935707648
1325770145839640577
1325770431786344449
1326541788430020613
1325958965172166656
1325770975837876224
1325824138867601410
1325746069007970304
1325690910005452801
1328968109471002624
1329232904111742976
1333993012817399808
1326104318790033409
1325849243110793216
1326132521302679553
1327071047091249152
1332279470716186624
1329290320396185600
1335759871732543494
1325807873725698049
1330954472818962432
1325850773830381568
1326175492949614594
1326200493715189767
1325702200220377088
1325688183485423616
1325780665741275142
1330229744462249984
1325909903488258050
1325893521115664384
1334574445847932928
1325767698354216960
1325866029923389440
1325971778288709638
1326066917300346882
1334610960867274755
1325696660517740545
1325728176543203330
1330869252740571136
1326028681362300928
1325972309405036551
1325965503001747456
1325778844373147650
1325889967189614592
1336146276782493696
1325815885806923779
1326040384015921152
1326085995356368897
1329059873062084608
1325783475086118912
1325675378678124544
1326240629291180032
1336347995479085056
1325859970840109058
1326082391094517761
1325803210544656386
1334505628342087682
1335931866474549248
1325999284832104449
1325668556680224768
1325690473969840131
1329095723250540549
1325864607588605952
1325708900126121987
1331686794891554820
1332172591155429377
1325804648981258240
1336058277164146691
1334615066302418950
1325772515097145353
1325915476552200193
1325704426137423874
1325815755225575426
1330918352907350016
1325810459648331776
1334323270552858627
1325770362957737984
1336049949390204928
1329081389237501956
1329038095107420163
1326233106110685186
1325901223652782081
1325920481942319115
1329097897158258689
1325695984551256065
1325702604031193088
1325919753437769729
1325868732988723214
1331346544751112194
1325868028861374464
1325818857475502082
1325964303535575041
1334120673434853378
1330654731514114048
1325894703959728129
1326081076641533952
1325856207022686209
1326077602147266566
1329061546203500546
1325788428257079298
1335946606504517632
1325770682664357889
1325866968457601025
1326173577872351232
1326227546141155329
1326252151849578497
1325807528136019968
1325809785464213504
1326238448781586432
1326046594463117313
1325840867068801024
1335895477271764992
1326085870127099906
1325849221791145984
1329888836298608641
1329066021299367938
1326058991710040064
1326251898723299330
1325805495500804096
1328359342022672387
1334064535037222913
1329084945289998338
1334163937215049731
1330839553268178946
1325669725179842562
1325770587055255552
1325867141036433408
1325687063048450048
1334582468184334338
1325778434627416064
1326042756486139904
1325685869970247680
1325776898782158850
1325867381269426176
1325998964777349120
1325796590234251264
1325703771553456129
1326147610231640064
1326107975581265921
1326053175653261314
1325719934056472578
1330563429837389824
1329081093467762692
1329213271199477760
1325905762351247360
1325847744163024903
1326070197321691136
1325920541992251392
1327403728903811072
1325838453699874822
1327057472947851264
1325862987098361856
1329098716263952384
1326151480672317442
1329853129072943105
1325770295425241091
1336457623948779522
1334093114311536641
1325916420409077763
1325878782524190721
1325970239432093702
1326129307417260033
1325814863688556545
1325858102420254720
1326233486060085251
1325806245773791233
1335627407475142659
1326036676402032641
1336002036505206793
1325811647622025219
1326150469484486657
1325977707495223296
1325824831363944448
1325864831690436611
1325921872781864960
1325816727217840128
1325956617087541249
1336067829217390593
1326166880709652486
1326124328224653312
1325697293555789824
1326570568909459458
1328288443185684481
1325885918784401409
1329514907302309898
1325807705970278400
1325703581090115584
1325981364060102659
1334742364196245506
1325689065753219077
1329095636181012481
1330067739101302785
1336292540568387589
1325667891073708032
1327551122303709186
1326105064411426818
1325926281758744581
1330480566878269444
1336100611587072000
1325867996334743552
1325899259649134593
1325694691560468480
1325671104615120896
1325770314492628993
1325896148968747009
1326176430217191428
1325826123939319813
1332274383600148480
1326156091768659968
1325699189855105025
1325900923223367688
1329053710950002688
1325880740727414790
1329095536247328768
1325770447552737281
1325870471989047297
1325872834888019970
1325867474185838593
1329071023019450368
1325827540368363520
1329160684488314883
1325901056304279553
1325862785893294081
1325857758244171776
1325675860825837569
1331393636433612800
1326130890339053568
1330240368231800835
1332568619117514753
1325890614815313923
1330954508097171456
1325708634748235776
1325816947188129793
1326032220386172928
1325806525307375618
1334084110013190144
1332411132573675520
1332357025033031681
1325707913529348096
1328525319905681408
1325672694151569408
1325683343447388160
1325804647509090304
1326076256769757184
1325706456356835328
1325901244184059904
1325770333845155847
1327430962372775936
1325822030000787461
1325833916687724547
1326115185950658564
1325814456350289920
1325893938406961158
1328275044271869954
1326941609620082696
1325806879671508993
1326227004748926977
1332789053641551872
1325704525580218370
1326925933962547201
1325815048275636224
1325879628267974665
1326148894024224769
1329207613070991365
1325843226092335107
1326585786683314177
1326115586087268352
1325796907407601667
1325982306675339269
1329046368657268737
1334952762132541442
1325670526887493632
1325847746616680448
1326158284777164802
1325864919586246671
1326196866959233024
1325772516451868678
1325666010335080448
1333415431705681920
1329550015820304386
1325672362029834240
1326090253036376064
1325980695622193152
1325786648332922880
1325898563839283200
1325669904280940544
1325770403730452480
1325874798220685312
1325798830852485120
1325861715075018754
1325726248967041026
1325788457625595905
1329206690110197760
1325865053191610369
1325785708620115968
1325854108545404928
1332520586657067008
1325664537677357057
1336348266221293569
1329056298856370177
1334157411981135872
1325710612186320896
1326003586757693444
1326209240336392193
1325795099503177729
1325942296630747137
1325878956168540166
1326147600211390464
1326164906714992641
1325780857626488838
1325684017073680390
1325803482939469828
1331842544951504898
1334139390407348225
1325879473972142080
1335710496100519936
1325667775755546624
1325972419354324992
1326076613323227137
1325710243100291074
1328012779400421382
1325987233225084928
1325806541224759296
1330736205286285312
1325846856446914560
1325811207111106560
1331629788834918401
1328962789717790727
1325770868983738369
1326089802501021696
1329213233899532290
1325713237694836736
1327564439739129863
1325803932216664064
1325827107709181955
1334648545203392512
1325832765758181376
1325770595884281856
1326130892125966336
1326230407621304322
1325990182726864898
1329898299264995338
1334336837867880450
1334504927843016705
1325862501003767809
1325870326828425216
1326213491250900994
1328310186138886147
1325688694523785218
1326025896134909953
1325673563517497344
1325784145297985536
1329808535983710211
1334574828775297024
1325940033136680960
1329059940946694146
1334049060467171328
1326079650263683072
1325772563180515328
1325720805066469376
1328755474796322816
1325942190539943937
1325944390653767680
1325798810581422081
1329060005803331585
1326130196332883970
1326148485331169280
1326163605864243202
1334632862163726336
1325880964967329794
1325770534525800448
1325923605474140161
1329767117395275777
1334704781454168067
1336275829442170881
1325673842749173761
1325876199218847744
1326121930244714498
1325773938677387265
1336429173263491074
1327662622112686080
1325920414082588673
1329071295376498688
1326116109909700610
1325813249669992448
1327110665065074689
1326159167426584579
1325830316905336833
1329081315950428160
1326191011958321154
1329255884502020096
1325880698042003457
1330358947862245378
1336218339916410880
1325669051411034112
1325770343676596224
1330958092247441420
1336468098845724681
1325822034585194496
1325776095111753730
1326069079250235392
1325803819075207169
1325666723270422529
1331527972000587778
1330916358431924226
1334757962347401216
1328339651879456768
1326106781483937792
1325989762063282176
1325821835573858306
1326223807170932742
1335123242533543936
1325812241195823111
1325900103438184448
1325932341144014852
1325792445016256514
1325668430800953346
1329142370089185281
1334948336114216960
1335993536118845440
1329055489309675520
1329048947382370307
1325860458243510272
1325847909225684992
1328364096907927552
1334293765763325954
1325861422035820560
1325931184342396928
1325849366398193672
1325770458374025218
1328516432401936390
1326072031138336770
1325835669160259585
1325835477031788546
1325772633980461056
1328711265238216706
1332176242678775808
1325862970497376256
1326207770446553088
1326130631374479361
1325707222194778112
1326009601666371584
1326148921417199616
1325887000260521985
1329061714596388869
1326717891660615682
1325803281256476677
1325771071971319809
1326007565893980160
1328606208618590209
1325873056284372992
1329060176813559811
1325770602934919171
1325825579329990660
1334207767951912963
1326156150275002368
1329024637196439552
1334553942315831301
1325861328892944384
1328677700505128962
1325926513594818562
1326214705753436160
1325813565232721921
1329059180330758147
1325962320296734722
1325673553015025664
1326183956610502661
1325880942687375362
1329097525140328448
1325920386274488321
1325675382188593152
1325702927844069382
1326173789101678592
1326010377994293248
1326250976932745216
1329052596695392261
1325835611689922562
1325770316052836353
1325770527894540288
1328384698977050627
1325868131982696448
1326173223122325504
1326054146009665536
1328714735089377280
1329043077827342338
1325672856567476229
1325899336857825280
1333962855352209409
1329207390076604420
1326238985472110592
1326228968534659073
1326004984627007488
1330819137615003648
1329758333755154434
1325885965127348229
1329207377581707287
1325810207184859136
1325895375430049792
1328616134086516736
1325743787692482560
1326116633467789312
1326045525104340994
1334679199878090752
1325770212407382017
1332812279293779968
1325871580648443911
1326223239945875456
1325802178242613249
1325875078677078018
1328340955292954624
1334094192000327680
1326202792235692032
1325962630809473024
1325864976821743616
1334175120320065537
1325781522075578368
1325770397179129856
1325808241331200001
1336488721965850627
1325835412686991363
1325911112676749312
1325833134252978180
1336341910588444672
1325805526110892034
1326157339699916801
1326227492038987785
1329024541339897858
1329071205911908355
1326540632307871753
1325674982018482176
1333284454907961345
1326151473697316884
1334798947018268673
1335293296462073858
1326067653790720000
1328346317656104960
1326130520925855746
1326129599571517441
1325922939146018818
1325862455239565313
1325882371279908864
1325886475913859073
1334609801486217218
1325784039081598977
1329044412194721793
1325935761225478144
1325898594109501440
1325948586501296130
1326656860301250560
1330168911439015938
1325770643716059138
1325670627655741440
1325938092134592512
1326080214271725570
1329060893469052929
1327285024052436994
1326010539357528064
1329055519592558592
1331386778985512960
1325857373517455361
1325818485721747456
1330359566475915266
1326129063539388418
1325952499816271872
1326215252212637696
1326051540495425536
1325923962572865537
1325818857043451905
1326199045673676800
1336450178941784066
1334111879078293512
1328761918694305793
1326091918443483136
1329213260319494145
1325706061727358976
1325673772586819585
1325693012786114560
1325896910272679937
1325806534715170816
1325776362368593920
1325678858633310208
1329066489866047490
1328888353895325696
1329566993259909122
1336367923846393857
1325856601929097216
1329082364425748486
1325771106784079872
1326513840943718401
1329213104929075206
1328321254919639043
1325780658996785152
1328605625035710465
1325770625244405760
1325778808683814915
1329786668472266755
1326157801379549185
1334998424643461120
1325939094766067712
1325878942373474306
1326254831904976896
1326154261944799233
1325771030057676800
1329298884414251008
1325687979101179905
1329232813133078531
1336316819238477827
1329041004494729217
1325719861398560768
1325770589387296768
1325840565934706693
1334651779619942400
1336202403096485889
1325852551024152580
1325771935444307969
1326130745669246978
1325847206633459714
1325773581461065735
1329095793953951746
1329941350049931266
1325856601450967041
1325968553846034432
1335010128710434816
1334139491565662212
1325809770566053888
1325972470617272322
1335830988031729664
1326109473832841217
1325920012725530624
1325974870077927424
1328030069424533504
1325685028811120646
1329081519076372481
1328839885923422209
1325921685971800066
1334236590223355904
1325834602792030218
1325866807421513728
1326176171881603072
1325770191612104705
1325871392341028864
1334328763396444163
1325779379805249538
1326095487674568704
1325690354264379395
1325879605090258944
1325862092394561536
1325823040127705093
1326161331901394944
1333874790990491653
1325794903608217600
1326159726741229568
1325930622460850176
1326123764422115331
1325770698019786753
1334524617306886144
1325720158086848518
1327454849131302912
1336434944646770689
1326121661800849409
1325829674191171585
1325770255633969157
1325939517761617920
1325680784452145153
1326128262825865223
1325668523733999617
1325786858966683648
1325809009090301953
1336529010768146433
1326095247819104256
1325845063528833025
1334638391992979457
1325864111708631040
1325770158498074624
1325897696679485441
1325717770756042753
1329535750065557509
1325804913323094018
1325673426699235328
1325861165440905217
1328640174516002816
1325818859861970949
1325781327094841344
1326130950871388161
1325891033746595851
1325790225889517569
1327293931458097152
1326224108741398529
1333484228848193536
1328869141617520640
1325924202571046913
1325673414837882880
1325781852565757952
1325821458891886592
1326151433180180481
1325804278984937474
1325770684002398209
1326202758538670080
1326233115900190725
1331240083463303168
1336203615220822020
1330851811767459841
1329095785393258497
1329261613568888835
1326051483645693953
1325872128139407364
1332594799728156674
1325806517992493056
1325778850756898817
1325866916985114625
1335675329764069377
1325674145498214400
1325897899943718912
1325812005534633985
1325812278298619910
1334750441599590400
1325809049645051908
1326180325941268488
1325811740458831874
1325897537958580226
1328779497328488448
1326124405446107138
1326062247412551681
1326214696266047488
1325908205474603009
1328368776618905601
1334195739740807168
1325879768185712640
1325792915776540673
1328900102031888389
1333442933199040513
1325872843662483456
1325770201108017152
1336311504996622337
1326080244172935168
1326153589505601539
1333745101588340741
1325829920854061056
1326054996954247168
1326057185151918085
1334553371173408769
1325798332225245184
1326195431857037312
1329951763785461762
1330803274874646528
1333245367584911360
1326158770951565312
1325810477872472064
1325852056587018240
1325813364187156482
1325848787454136320
1329719464351379456
1334611902601768962
1326204810413006848
1325954608678772742
1335728016304074756
1326056912790544384
1329248454120443908
1325771028056977410
1329059931081719808
1325861441916833794
1326963359728553984
1335964225831886849
1335202964735205378
1325795639150616576
1326221343986216960
1334455103613448192
1325796356817002497
1325805118562983938
1325879177845891074
1336225091034734592
1332314495633530881
1326239256621166593
1325771075528122369
1334138763530760192
1326204811394641922
1334258253698641927
1334022141939912704
1326062530012340224
1326041884511363072
1329071284244807682
1325891037706006531
1325887744627838977
1327256542731649029
1325865891796561920
1325781688635551744
1329060145322668034
1325770176541941761
1325817226725892097
1326254289275285504
1326071308686417920
1325812205519040517
1329049747953422337
1331263363926663171
1332403805951062018
1325976805241577472
1329795820430954499
1329095791378530306
1327398105277337601
1330023114084761600
1325673818858221570
1325918837762560004
1329213200743632898
1325828397843550210
1326245497519157254
1331102474149761024
1328401446170206210
1325770616184709121
1326004245955444736
1328929546083700736
1326251703264563200
1325874804445093896
1325780665405673472
1325706200701300737
1325886290055864323
1327042733500895232
1330515640004857867
1325767717983580162
1336473352639295491
1327946934389252097
1325861129231298561
1326211735724953600
1325810428287528966
1335285339439702016
1325815436194287618
1325770604901879809
1334230198569472000
1325816364754378752
1328371596390764547
1330930166533591043
1332854975718961154
1325708665760829440
1325794873455341571
1329032401381683202
1325879834556461064
1333971906043797504
1325819529138745344
1325751015396749314
1325761916548100097
1327913168652431360
1325861725120368640
1325850574588424196
1334173395311861760
1325790564663631874
1325864750408994817
1326228451255345156
1326224327705026567
1325789803003084801
1325770473142054914
1331640548902449152
1326104332052406273
1325959984677597184
1336147126066307072
1325806523352801280
1325771002282975237
1326129841742241792
1325814546284605441
1325834632508608512
1327543827528224768
1325672387589906432
1325665895377752064
1325823812366163969
1325991853599100928
1325776296887070720
1325680035831836673
1334449773634613250
1325881067119800321
1325770187170328576
1329014742019674113
1325869478274600960
1325813816911925250
1333131706329686020
1329318441539387392
1326153238689820693
1325809059434549248
1329213124969435145
1326198763082412049
1325780865214013440
1325825782304927751
1331084752942600197
1325669891681054722
1333938257189433344
1325698106596356096
1326117531132846081
1329206251922845699
1326182116208517120
1326001099535392768
1326227022595706881
1325770272385982464
1325863492755333122
1326059783154139138
1326233426643464192
1326227652940861440
1326146926081945601
1326032523001016321
1325788166742282242
1326156168453042178
1325841504238264320
1325986177132818432
1325869780415492096
1325773027049676801
1330288812744974337
1327296592886501377
1335233753975812096
1325774535422046214
1334535828283027458
1325820036414631938
1331286523417858048
1334847838434549760
1325828741415710721
1325992489090756608
1326008566277304320
1325689275707514880
1325813899313213444
1330303459346747394
1326248386811531265
1326465515544580098
1326203000868757507
1336257066642632705
1325897550377922565
1325820836595568641
1325712082671702016
1329030916648341506
1334193358692962304
1325935125545279488
1325865279549796354
1334126835798511618
1331118988605091840
1325862789638971392
1326090576777842688
1329055495022317570
1329081322204119040
1325891485863079937
1325869145435504641
1325672209617219590
1326251881467875329
1326213386527510528
1326150511989579776
1325676457775886336
1325920427949117440
1325770883986718720
1329054437592231939
1325857500038508544
1329050409420419072
1325822475171717120
1325701164654944256
1325699228174147585
1326083829950541825
1329050634230894593
1334506938055467009
1325860989716361217
1326240630641668096
1325797294210478085
1334198028362608642
1334544688980905988
1326001997150003200
1327410026982477824
1329894232639889413
1326148889720786946
1333077776119820289
1325833676022816770
1335301785108455426
1333719000593952768
1326129861170257922
1326928474267906048
1325687564246773761
1331012846554124289
1325881460352544769
1325823941433290753
1326194971028807681
1326106738710503426
1325846329835327489
1325810619472338946
1325789816009715713
1325916281858617344
1326136312349536258
1335981619337961479
1325778258634412038
1326109619119394817
1325675432881102849
1325999261335474176
1326677601109241857
1330434998030262274
1325785896671719424
1334886580738265089
1332508258876190722
1334750083619950592
1335489340990951424
1325825671260725249
1328334645168013313
1334236062680485890
1326099300145909761
1326055618881445889
1326062371530440704
1326090765072785408
1325886870555938817
1329055505214541824
1325796657892634629
1325770757918478338
1326911398333517824
1326150479663992834
1325919597795700736
1325985990872338438
1328820467709435907
1325906450879811585
1325966094922731520
1325788432623349761
1326124393517510656
1330802275690934272
1325861654219907072
1334294559505965056
1329081524239564809
1335825786096418816
1326197185642450946
1329131948913143808
1336261206064115715
1325779274201182208
1325894168951070721
1335944073086193665
1325786886644912128
1332819135106002944
1325860296863457281
1329682974128869376
1325855347047849985
1334190362865270785
1335444913576697857
1326156852737040384
1331967970202034176
1327175231295852544
1325770208699699206
1326168614936797184
1335567394702585857
1336025251856183298
1328692312826925056
1325911305631494145
1336019817074081793
1325862650119671808
1326088018147467266
1325868177297977345
1325911151008428033
1334520339808784384
1326233029761753091
1329071267299741698
1327375597312507904
1325931907532673024
1325840675867275264
1325801284079808512
1333383971938443265
1325961254100488192
1326167985493598209
1326010201141489664
1325876696134848512
1328806532394352640
1336222453954039808
1335198427903352832
1325834929935159298
1325780825930162176
1325879263241760768
1334830965298851840
1330625902959603713
1334046701301149696
1325825336601358339
1325966892872294400
1325900890801401856
1326240584433020935
1325770267877105669
1329073104023396352
1331965934815354881
1325812607601799168
1325900151597137920
1325693690891837441
1329043147461193728
1325801043838586882
1325877936407388163
1325703459790852097
1330826048607580161
1325873735522545666
1327275537191014400
1331853101695954945
1325770406922481669
1335398436485513216
1325770891591081989
1325867344795557888
1329914422530338825
1325847494899675139
1327634310485172229
1325703331659079680
1333322329271660544
1325862743589744640
1325820809240215552
1326206674022014976
1326256462281273345
1325694403017539587
1330792339913256960
1335724266831175682
1326085866608095232
1326977748057800704
1325893563729764354
1325879357701840900
1325770938877612033
1325900355734040577
1325822872837885953
1334467192994353153
1326129964765368320
1325836140394532866
1325893608948510726
1326228092025761798
1325893587935113221
1325703964218814464
1329060163660247041
1329055567210483713
1328423845162790914
1325961243216076805
1336305486531063809
1325725024947490821
1325676064572465154
1327368427636396032
1326682131884544000
1325786277011185664
1325870342213046273
1328404012916469762
1325861366155124736
1326148890496815104
1329164071455789057
1325836908161888259
1326625669531504641
1326202696995643392
1325911036575145985
1326202721016418311
1325860864830951424
1329069796348940298
1325816974874730499
1325770717368111105
1326148868828966916
1325981782747967489
1331976966770188290
1329033667730149381
1329877176619986944
1327298118904406021
1325869380958351360
1326206232890241025
1326054220156579840
1325866988158263302
1328055678225805313
1326128358426599425
1326144026979020800
1326202806253068289
1325784996167249926
1325859553439862785
1326004267749056512
1326158107039436802
1326038674203684869
1325701838251945984
1329050417427202053
1325945417910120448
1336482466182250500
1329546694812372994
1326209140939776002
1326163289966043136
1334564284861321219
1325799870456868867
1326872630272675840
1332436444187680772
1328339628789678081
1325770504201003008
1335872430108254213
1325819532548694017
1330951079329140741
1325675959928811520
1333857288893952002
1329060204101595137
1325973860781584384
1325846798355869697
1325770383623147521
1325770286705369089
1326240843246809090
1325773753532485633
1326008897048612864
1334187143258918913
1325862674299715584
1335029036834283521
1330044981621497857
1326081773344796672
1326053266187317248
1325890944168849411
1325900245969104896
1327111768343269377
1326119884498079744
1325887719365509120
1325767708386816000
1326261919200796674
1325841130341109760
1325777925539557376
1325918451270115336
1326164810715770882
1329142377664180226
1334763085844729858
1335771953571905538
1325867067589922818
1325884583943032834
1325691714527502337
1332695900943249410
1327809582366941188
1325667569261568000
1325795405234380800
1325828860622073856
1326056971343175683
1325867151488552960
1336054626240454657
1325890836236656640
1326043717103456256
1325795728837517314
1329785004092653569
1325810390127816705
1325789808275361794
1325770690528768000
1328505470966001671
1325869956240715776
1325869413577355264
1325807244513046528
1325863988803084291
1335418967666601986
1326214255746617344
1325771103793520640
1336230847712813056
1325794285044834304
1325796024460345346
1329052966117023744
1325789815175065603
1329113851850153987
1325855171084054528
1325778348841312262
1335452263565815811
1325828109220769793
1325902552316203008
1332064226001694723
1325995424604426241
1326050754180812801
1326427173079674880
1325710724526641153
1327345161186250752
1326208304264040450
1325770145617293318
1326093160334962689
1325895480124043265
1329054595130257408
1325732824373211138
1325844953214431234
1325864565431660546
1325938201907900418
1326127227730268161
1328315518495887361
1331283304989880325
1325866974094749696
1325869674748211200
1329051883659522051
1325834202529599488
1325806549357400067
1326240800271896584
1327048566980845568
1326233074896670723
1328379735810990085
1326507186839822336
1325821792888496128
1325804701561008135
1335246104338849793
1334936758727806977
1329509082626220033
1326170613224968192
1332343800686108673
1325709843735351296
1325917329167839232
1325771532161912834
1326236929910665216
1326124592822431744
1325891584198537216
1325831363203919872
1325960347035947009
1325869165140381697
1325770376090152962
1325770241410916352
1331349528771919873
1335596204005203973
1325869422012207104
1325795285138870272
1328875897756200962
1328782391901630464
1328837745788194821
1325770889443553280
1331295375559417859
1325862649809285126
1325852223750934530
1326176357278048258
1326074267004526592
1332360036211974144
1326094040580894720
1325828371931160576
1325940431008522241
1328499953300226048
1333912611935621120
1325980184084951041
1325807006268190721
1325796080508952576
1335635944414703616
1326143242799288326
1326103840211558401
1333888254077251587
1326675350416314369
1332948116614516741
1326210450393067521
1325916883690934272
1331202640722718720
1327691854687711236
1326079529044021249
1326161351711002624
1326112263229632512
1331892955930628101
1326191047999811588
1325794890190483457
1326136145499942912
1336314087236485122
1330930175962271744
1325820808489553923
1327332953593098240
1325889443186712576
1329030294834458632
1325804902984126464
1325929965444100098
1325854586695921664
1325849821941526528
1325933192772194304
1326073972023291904
1325678359687262210
1325824091635539972
1335327000089645057
1325792196386312193
1326208575069278208
1326053163133267968
1325782076810014720
1325980862018580480
1330239640226459653
1325844091222036480
1335436290351837185
1325771016476499969
1326119841980407809
1325820828504748033
1334630045810380800
1326208871338303488
1325837801385029632
1332024353949511685
1329063401339953154
1325821761003327488
1326243504570441728
1331583214075457536
1325861169446400001
1325770884553068545
1325770166337200130
1326750579591241728
1325775422295044096
1334845014254505999
1326174246905786368
1326227335813627904
1325899534019538944
1329024767610019846
1325700585220419584
1325779443554586624
1325983135310417921
1325716218406457344
1326207221907087360
1325760390790180864
1325954553808789505
1325719501992816640
1326074230975459329
1336251864195665921
1325783864929787904
1326163306608988166
1329292112253227009
1325823784360714240
1329142423440617472
1330933838470651909
1330622233069449217
1329634321058193408
1325887326497615872
1336236177347784706
1328330829118967809
1329095698692919304
1328761189493575681
1325695965593022465
1327374026428309504
1329067000849698818
1326140804155518976
1325831214603902980
1326188805645332482
1329117674098528256
1325817268249513984
1329333414516973569
1326140446666584064
1325786856273797127
1326164929192341507
1325833041084903429
1332363013400170497
1325805526681350144
1326053134486003712
1325799374228762624
1325770453965791232
1325805266378633216
1325915158946799617
1325888659799805952
1331326730079006722
1329599991636250624
1325867013932244992
1330784373424197637
1334237628791541760
1325940255049064448
1334066204655415297
1326254296686596097
1325805567764525057
1325710865337888768
1326161603205664768
1328359732617375748
1326073101692645378
1331750757322801152
1335221691778215937
1334562424469549056
1326205765430939649
1330276381780025346
1326232574339977216
1325881068638101514
1333401026532143104
1325895157670088712
1330934061955739651
1329061699375214592
1329083228028747777
1335921093337640966
1325789850990080000
1325898745540710400
1329375966876082176
1325980911914151938
1334033487351996416
1330902684224798720
1325783212019355651
1326007645321375744
1325703913828278274
1325709699451400192
1325834651953459202
1331175807977451521
1326162460991086593
1330155620541083650
1326187190632779777
1325809877147672577
1329082007209426949
1335636546297348096
1325852518274961410
1325887248768753664
1329751648189652992
1329024824509935616
1326121171700617218
1325864785540419587
1325672733603098624
1333476673623244805
1334234466336854019
1329488512438046720
1326087629507612672
1326239471721852928
1330217533769715716
1328706671519150081
1325940563548450816
1329056280527384577
1325771497563156482
1327022013416943617
1325667049469861889
1325823504130961410
1326104334296379393
1327695798566596610
1325866889193664512
1330781812558356482
1325785301487394816
1331502152162840576
1325873072403083265
1325770194740891649
1326062267880804352
1325869228063256576
1329207589314281473
1325772556306145280
1331603760397873154
1326748200590430209
1326150061064155137
1325902698626109441
1325843558872604672
1325832122045751299
1326139962681602048
1332023533489303558
1325770704072151040
1329443519136747526
1326051443967746050
1325772501704724480
1326004514701385728
1325861789410713605
1326157678402564098
1326163281422274562
1326238233429221377
1329095742183542784
1325681507936165888
1329132047751790592
1326207638510526464
1333444940076969998
1326154263274291200
1328814394822705152
1328054281044451329
1326206679348781056
1325921042410377216
1327534333096325120
1330325136667533314
1329098236045516805
1329373957129170944
1326080937222955009
1325814672189247490
1325682016390705153
1325787809744117762
1327362397724696576
1326052309441384448
1326227705709387777
1325770411775299584
1325805525913759746
1326079896402202625
1325931529470664704
1325690492449943552
1325812212422864898
1325874503688179713
1329681143822684160
1332644513836371969
1334084773678080000
1326080246253293569
1325839995815391233
1325868950345768960
1335860706449776641
1325709498955128833
1325822869985619968
1325925367991984128
1334747127075975169
1336422222836207619
1331469518842040320
1328962781526302726
1328567725011083264
1326152249962360837
1325770396424081410
1325716182419312641
1329213110012571651
1336139953256980487
1325770692567117824
1326003437226635266
1325788483089281033
1328721195974463488
1325867624664887301
1333633838711451648
1334650068675256323
1329059922554671105
1325772165246050304
1325772527197675520
1326143384860307457
1329095711691075585
1326107978349613059
1325814737083445250
1329071278419009539
1325824509736325120
1328528040587038720
1326082374166323200
1335040955490193408
1326537346989187075
1326095496872685568
1334504877880446977
1326084297544126464
1326150513377861633
1325989373154717696
1326627051294650368
1325688832872775680
1325770142236745730
1326000404744835072
1326211478307762177
1333435506617581576
1326843945989632000
1333467523140833287
1326095775370268672
1326090508939243523
1333804676874203136
1326164609435308033
1333945927636316161
1334950454430756874
1325779378425442304
1325898841523163142
1327376975166631937
1325770144564572161
1328313937130119169
1325869307897606144
1329381137882419201
1325943553009324032
1325885944608649216
1325887151800786946
1325886052158984192
1325922122477281281
1325893563247374337
1335450219534663680
1329097884164349952
1326240607103311874
1330694865043161089
1333409218561519618
1325770327499005952
1325664642555813888
1325929860942983168
1325889132392968192
1329059916468916227
1325864772492013568
1326054098001682433
1335748053144199169
1326162459137351681
1325808075945639941
1334827625282473985
1325913575731339264
1325770784095301632
1326123694805147649
1328369248184524802
1326165876119396353
1326238834632388609
1326244732155072513
1325879918434148354
1326130958203052033
1329142349696561154
1325786933864374272
1326174223212154880
1328365124323844098
1325804101255499777
1325791683032866824
1334050132862627840
1325690306457554945
1325869412713451521
1329072254655684667
1326169283727155201
1329213267177218048
1325805100909015041
1325906507997831170
1326080221422956545
1326124468679237632
1325855541369991170
1326132524918034434
1325837617326329856
1325903830815531009
1334683010327830534
1325822451268407301
1325776681265672192
1325696784178446336
1325770392158441472
1325921890289012736
1325906970398896128
1325932509809451009
1326121752041312258
1326115589656555521
1326079905323503621
1335504682924584960
1325862765433671681
1325770633456783366
1325811152899747842
1326136835916095493
1325878956478828550
1325712401598177288
1326215192624177153
1326147599569616898
1330926589693968385
1325837497197350912
1332447959410110464
1326192498834771971
1325773299482206209
1325667047435546624
1329239815355817984
1326080979031699456
1326961599811211264
1326129424610308096
1329024861906235393
1325822308351680513
1326045530615656449
1325806370491346944
1329280558564737024
1334994403216265216
1325771081895071747
1332199975682535424
1326010367839973377
1329059948618256384
1325863056757448704
1325979565542367233
1325690014857121793
1325709118150070272
1325892506152808451
1334615222754086919
1326107054549962752
1325812270874685444
1325864560985694208
1329206266158329863
1325823049799786496
1325711765867552773
1325784047084253187
1333949799167647744
1325729505504342021
1334687725547556865
1326901574657077248
1325879952085028868
1326233957936095232
1326076053182418945
1325692950479851520
1325788445227282433
1329245398565859332
1325677301703577602
1325711195949703168
1336379872881553409
1329092089594855427
1325985445524643841
1329310408025444352
1325809270428897282
1325712185604050945
1335864200653131777
1334316710539694081
1332298126225502208
1326116944466964480
1335085676526702592
1326124954505580544
1329427969379622912
1325867597221359616
1328316850493591553
1336054494451404809
1325862394334228484
1334561609772007425
1326056955899768832
1326074227137589248
1328057210073735168
1325801424425455621
1325911053620944898
1326196102023024640
1325966122223509511
1325777912247803904
1325938781812367360
1325776669836185600
1326121051139534848
1325716028387520513
1334920501727260673
1325816633500295172
1325671962799083520
1325816095262040064
1325714426151002113
1326204259155763203
1325777526367588353
1325771093085392897
1326080858252603393
1326115538355986433
1326211510557958144
1325834590691471362
1326007681258315776
1334072915835432965
1326079484622237696
1325798565034266625
1325770554356371458
1325986041929625600
1329081378072190993
1329762662557896704
1326180169481150464
1327326910997729281
1325864780008202242
1326224356293414914
1325770344146333701
1328110210926354432
1325682355873312768
1325870196884566016
1334848935849037824
1329043905313198082
1336149186236956672
1325904563455614978
1325908576548790272
1326125792993173511
1326115837070077953
1334521159119990788
1325915140047376385
1326124495384539137
1325791788980953090
1325771103537664000
1329052576994627584
1336235583782481920
1325770376169857024
1329062095116247041
1326080926942715904
1334036709265321985
1325770582399574016
1325792153688285184
1329127080060129281
1325955580595417089
1325862960862990337
1325878299936120838
1325987309213323264
1326228710081458176
1325770467978981377
1325861854397263872
1333866916147060745
1330863911915180032
1331442125943160833
1325993524639240192
1325862755061149697
1325823033693659144
1333943631372189696
1325830327382716418
1326160280217399297
1333738179007029248
1328333067048652801
1325667043266453504
1325770869600346112
1334280296003342338
1325682307265683457
1325783094482378753
1325796943319212037
1333465904437399554
1325808083843637251
1331706709568614403
1334122811011567620
1325685778056245253
1333876244350263298
1326148908494491649
1325792301738815489
1325766524183830528
1325882612628541441
1325691741442338821
1326121666821369857
1334088557498130432
1331470144623800320
1329242884059635712
1325688221569703936
1330324599230361603
1325872617044250625
1329095544006995974
1325862272384851968
1325857378416386050
1326013436321521669
1326228030960840705
1326219276290723845
1333990440513773568
1329092109727621120
1326233476107014146
1325961217345802241
1327030820037681152
1329071228380917760
1336321853837561857
1326172403811176448
1325781684621631488
1327332997222297600
1325830073098887169
1326074238202155008
1325772570445049856
1325802583324307460
1333943502904897537
1325776360535699456
1326093526682185730
1326127230490193920
1327370697585397762
1325673015833735170
1329081403435192325
1325676441464311808
1325690724436779008
1329083274308718598
1325872138205720576
1325786246573125635
1326242986682945536
1325676157669412867
1326202699734544384
1325770893172252674
1333442672871284742
1325879122292256771
1325914620654194688
1334097982912913408
1325952345021181952
1326135454530482176
1332956846890622976
1325841858027790337
1332446326852870150
1331155378143338498
1325813234650275844
1325770262520979459
1325865283261771776
1325770263087243265
1333996972894777346
1329104513303683073
1325816924232617984
1326072359405711363
1325706588653379584
1325922110397673478
1325771075486179335
1326135382426202113
1325776174493159426
1325986824636960768
1325867718851981313
1325832839288459264
1329081440940617736
1325798415591206913
1329084854244261893
1325844085287112705
1325701312919400449
1325836295084630026
1329108324533473281
1326231875229282306
1335264374206963712
1325696659523657728
1325865339205382145
1325872226558648320
1325770769671069696
1325900979632541697
1325892539090690049
1325826796793769986
1332749614529777664
1325770174792953856
1329048361689886727
1329066249561640961
1325770128068407301
1325867014385258501
1329024998976196613
1336329172050800640
1325786874653384707
1325799008409882626
1335664313269432423
1326233569556107266
1334347572601819136
1329228160647524353
1325854124060053507
1335902265073229824
1328819816736677891
1325780828136169479
1325801506382237697
1325665252437004288
1325676288598798338
1336408201651220486
1329069798370717697
1326076079069663234
1325979926428708866
1325882362962432000
1325866221426921478
1325669201638404097
1326117968418398208
1325862793749405697
1325863358751412226
1326140298808922120
1325792325788815362
1325857100971577344
1326188067741446146
1326151500649869312
1325802792230023170
1325835015041683471
1325913285309435905
1335626016870473730
1334628366469611525
1326154542577307648
1325857063386353664
1325866679318925312
1333576316478746624
1329131912569393152
1325805507916013569
1325948482088128512
1335736680100360201
1325887101964054529
1329844774535372804
1334957965498048513
1329207512399290376
1325916015709085697
1335961760608649216
1325865283291115520
1332428988245917696
1325770588451958786
1325786189815754753
1326127258726244352
1326179975804854273
1329059955496923139
1325770655573401600
1333803239549116416
1325813350958297088
1325716324685897730
1329064246563524609
1325780833777709057
1325800365351178240
1325770787073257472
1326233114931302402
1325784044580253697
1330557233709649920
1333873376557998080
1328723184040833027
1330056042831601664
1326881998078611456
1332818175239458816
1325986822451847171
1336035328902225930
1325861399093006338
1325833928045785088
1325692891700858881
1325904179701821441
1325770796560773121
1329083251906932747
1327131472961171463
1325703330992152576
1326098218590089217
1326238235685777416
1334912533820559360
1331314144574926856
1326095571984244738
1325888156059619329
1325715283152080896
1326248114651623426
1333806324891717634
1326156108386488322
1328855449240809473
1328594181925851136
1326121729517883394
1329071237402746881
1325770618067951616
1328461423635206145
1325903591077531650
1327316197038231553
1325672043354886144
1326905485161861121
1325998022140985345
1328976997633015812
1325803737730969601
1325822868555329537
1325865222062682113
1329213145353744385
1325675373741355009
1329052565514883073
1325886046807134208
1325827764503666690
1325847820226736128
1325895634155696129
1326003989763088386
1325770315889315840
1325896206019596288
1325693526307377153
1326134023161262082
1329131967292579842
1325911071526428681
1325700514756124673
1328858473111691264
1326091817004240896
1329054480596393985
1326200603001950208
1326124375658074114
1325909292466073600
1328876085711396866
1326074527823106048
1335646579626131456
1328273047070060544
1325865055074865159
1326132674881347585
1328378949362212864
1326244717244379137
1329081971293577219
1329055336637100033
1336421186683723776
1334876487636357120
1325989350853799936
1334158812153057280
1325696542834110465
1326040550957588480
1326221117896478720
1329213214358343680
1325797526998577152
1325974482247356418
1334505901991075841
1329427818917359616
1325770246213537792
1325790661543665665
1325998683977080835
1325991274697068545
1326175637573341186
1325690102677467138
1330888847979278337
1326195600640139264
1336460542127579136
1326047207997370368
1331677845559668737
1325883552391704577
1328712474120630274
1325967724472803328
1325871995209322498
1325778796956487685
1325830486518882304
1326175489262821377
1325803875920564224
1325793694478446593
1329083269594324995
1325913616625913859
1336319062717190144
1325695933590466560
1325690812982812672
1334374096482816006
1325822275547930624
1325673710129385472
1325814427178950658
1325666178698600448
1325809083698458624
1327412320662908928
1325682504750129153
1325865968510373888
1325774733498085378
1325716859656822785
1329048964142796800
1333430424492781574
1325997150296281094
1331991203122999302
1329095642342248451
1325678445628710913
1325790420144594948
1329201444977831937
1325840336967639041
1325676428193538049
1325817085490987013
1325714592715206657
1327382815508369408
1325888762107326465
1325823713263058946
1326174160444411906
1325880680966971393
1326207385103314944
1332398987895328771
1325879404229238785
1325844792517996545
1325929243574853634
1326163271733293056
1334683877365985282
1325879850075303936
1325818745705668611
1325880754744725507
1332710655795707904
1333401201459798018
1326081515906805761
1325806518982373376
1331763750060384257
1325708995445841921
1326227238447009793
1325772519643766784
1325829110581616641
1334557714823917570
1326211473132179463
1329874681839673346
1325805577155436544
1329142376258961408
1326243314295697408
1328405726918799360
1325709413961920512
1325790409847574528
1325876654611202048
1325865330426646528
1325995469223329792
1333509474447921153
1327368106398912512
1325944326610935809
1326185657547567104
1325677628871696385
1326060602758926337
1327378919838916610
1325845773708189696
1333157226232602624
1325858687752278018
1327275594195689472
1330838813954945024
1328765378462240769
1334064383316664324
1325770126952722433
1326798044466208768
1325772498084958212
1326047204285571073
1326253882541023235
1325799627837169664
1326085939983122432
1325815057222148096
1325867012942389248
1325916427358965760
1325788548700626945
1326149444316835841
1325864788438773761
1325683612293996544
1325882588389646336
1326215352330563584
1325770155960528896
1325874785482645510
1334187389485543430
1326054102095319040
1325707876049035265
1325773064144105474
1334540646540079113
1325770219017678848
1325804921099341824
1333838050133159937
1326905248523411460
1326596188821360640
1326200397174857731
1325829664930222080
1326154188565393409
1325861306898018309
1325939587525578752
1336093329214353415
1325900935089057792
1325909197146435590
1325770338517606400
1328486949213114378
1325861435071746050
1329031959868289024
1326166964033740800
1329131974347296768
1334516060628918274
1336401735976247296
1325770767733284864
1334561235908497408
1330779039468900352
1325885967077683207
1329109043672084481
1334551694999506948
1325917329037864966
1334550744561721345
1336285655723196416
1326004445843480577
1333860215771566081
1333410907603558402
1335246251789406209
1329787972678389760
1326241550595022850
1325880971078619137
1325828371654209537
1325783886949986304
1329476565156020224
1325851250844372996
1329081410720649224
1325813467673223169
1327800753826660352
1325879876084228099
1327656031330185216
1328341482546339840
1326087251303018496
1325904963235586050
1325698526613999616
1325712117455056896
1329055545144324097
1328853868386643976
1329232896415191042
1325714771300274177
1325864497664446470
1325851495418499079
1329347105656332289
1325777533267275777
1325837762986086404
1326075989282189313
1332148323751399424
1325821775125491712
1333657261579919361
1325863146800680960
1335731124635652097
1325865998038208513
1325770367240114178
1325873256931467272
1325687790244405255
1325849577354833921
1326229204116049922
1330864868900167682
1325770370188668929
1325778438800728064
1329059374933880839
1325770977641422848
1326213425865887744
1325666271745118208
1330783549650251776
1336353372979552268
1325905585951428608
1326089530722672642
1325948023717978113
1325992175218417665
1325717078117003264
1325878808889712640
1326727182706765825
1334081393039605762
1325906862072586240
1328487534607798272
1325770322474393600
1326225443381501955
1326198121630720001
1325937942423072769
1325676161100230656
1334647824550686723
1328307833100754946
1330787646327681024
1326089979123077122
1334214883332796417
1325770142203121664
1326044945531219975
1325770248382001152
1328029098950713345
1329104187616079872
1325784714062409728
1325858382142713858
1325834151300304899
1333154694198398978
1328729663183568896
1325825191998611457
1326148947941990405
1329113848473915394
1336384707710345229
1325866511769235458
1325845060823502848
1336212154815569920
1325770436035088387
1325846298914910211
1325808485775368197
1325853962088669186
1326214887446601728
1325972470336278530
1328815377716027394
